BIP        -0.0001813323 -1.593994e-04 -1.345523e-04 -1.092604e-04 -8.515621e-05 -6.318850e-05
ip         -0.0000470381 -4.543757e-05 -4.153627e-05 -3.639911e-05 -3.083437e-05 -2.542070e-05
ifo_c      -0.0005467046 -4.425039e-04 -3.438673e-04 -2.545083e-04 -1.759792e-04 -1.082320e-04
ESI        -0.0001925153 -1.623116e-04 -1.316828e-04 -1.025861e-04 -7.615356e-05 -5.287295e-05
spr_10y_3m -0.0034715580 -2.697622e-03 -1.994635e-03 -1.374509e-03 -8.366621e-04 -3.719101e-04
[,140]        [,141]        [,142]        [,143] [,144] [,145] [,146] [,147] [,148]
BIP        -4.377125e-05 -2.692128e-05 -1.238047e-05  2.780740e-07      0      0      0      0      0
ip         -2.054056e-05 -1.641478e-05 -1.313431e-05 -1.068695e-05      0      0      0      0      0
ifo_c      -5.011371e-05  2.068865e-07  4.487399e-05  8.602956e-05      0      0      0      0      0
ESI        -3.275321e-05 -1.547128e-05 -4.988202e-07  1.278916e-05      0      0      0      0      0
spr_10y_3m  3.416334e-05  3.982964e-04  7.370103e-04  1.064334e-03      0      0      0      0      0
[,149] [,150] [,151] [,152] [,153] [,154] [,155]
BIP             0      0      0      0      0      0      0
ip              0      0      0      0      0      0      0
ifo_c           0      0      0      0      0      0      0
ESI             0      0      0      0      0      0      0
spr_10y_3m      0      0      0      0      0      0      0